dt,City,Latitude,Longitude,AverageTemperature,AverageTemperatureUncertainty
1758-05-01,A Coruña,42.59,-8.73,13.312999999999999,4.455
1758-05-01,Aachen,50.63,6.34,14.392000000000001,6.364
1758-05-01,Aalborg,57.05,10.33,12.793,6.694
1758-05-01,Aberdeen,57.05,-1.48,9.434,5.822
1758-05-01,Afyonkarahisar,39.38,31.21,13.142000000000001,3.747
1758-05-01,Aix En Provence,44.2,4.47,14.594,5.796
1758-05-01,Akron,40.99,-80.95,14.031,3.736
1758-05-01,Albacete,39.38,-2.08,14.089,4.686
1758-05-01,Alcalá De Henares,40.99,-4.26,12.732999999999999,4.732
1758-05-01,Alcobendas,40.99,-4.26,12.732999999999999,4.732
1758-05-01,Alcorcón,40.99,-4.26,12.732999999999999,4.732
1758-05-01,Alexandria,39.38,-76.99,16.164,3.785
1758-05-01,Algeciras,36.17,-5.97,16.973,4.135
1758-05-01,Algiers,36.17,3.98,17.174,4.581
1758-05-01,Allentown,40.99,-74.56,13.844,3.725
1758-05-01,Almere,52.24,5.26,14.452000000000002,6.398
1758-05-01,Almería,36.17,-1.99,16.941000000000006,4.313
1758-05-01,Almetyevsk,55.45,51.02,10.055,3.593
1758-05-01,Amadora,39.38,-8.32,15.978000000000002,4.274
1758-05-01,Amersfoort,52.24,5.26,14.452000000000002,6.398
1758-05-01,Amiens,49.03,2.45,14.71,6.064
1758-05-01,Amsterdam,52.24,5.26,14.452000000000002,6.398
1758-05-01,Ancona,44.2,13.42,16.166999999999998,5.537000000000001
1758-05-01,Angers,47.42,-1.18,14.785,5.587999999999999
1758-05-01,Ankara,39.38,33.29,12.661,3.6630000000000003
1758-05-01,Ann Arbor,42.59,-82.91,12.880999999999998,3.701
1758-05-01,Antwerp,50.63,3.8,14.944,6.234
1758-05-01,Apeldoorn,52.24,5.26,14.452000000000002,6.398
1758-05-01,Arad,45.81,21.92,14.72,4.925
1758-05-01,Arkhangelsk,65.09,40.21,3.0930000000000004,4.177
1758-05-01,Arlington,39.38,-76.99,16.164,3.785
1758-05-01,Armavir,45.81,40.38,14.577000000000002,3.514
1758-05-01,Arnhem,52.24,5.26,14.452000000000002,6.398
1758-05-01,Aryanah,36.17,9.94,19.251,4.552
1758-05-01,Arzamas,55.45,42.52,10.68,3.698
1758-05-01,Athens,37.78,24.41,18.005999999999997,4.034
1758-05-01,Atlanta,34.56,-83.68,17.725,3.7060000000000004
1758-05-01,Augsburg,47.42,10.66,9.885,6.185
1758-05-01,Aurora,40.99,-87.34,14.768,3.766
1758-05-01,Bacau,45.81,26.54,12.56,4.467
1758-05-01,Badajoz,39.38,-6.24,16.927999999999994,4.448
1758-05-01,Badalona,40.99,2.13,16.637999999999998,5.121
1758-05-01,Baia Mare,47.42,22.5,14.883,5.012
1758-05-01,Balakovo,52.24,47.3,12.245,3.5410000000000004
1758-05-01,Balashikha,55.45,36.85,10.184,3.951
1758-05-01,Balti,47.42,27.24,14.291,4.519
1758-05-01,Baltimore,39.38,-76.99,16.164,3.785
1758-05-01,Banja Luka,44.2,17.89,13.438,5.1560000000000015
1758-05-01,Barcelona,40.99,2.13,16.637999999999998,5.121
1758-05-01,Bari,40.99,17.04,17.147000000000002,4.831
1758-05-01,Barrie,44.2,-80.5,10.505999999999998,3.6689999999999996
1758-05-01,Basel,47.42,8.29,11.89,6.331
1758-05-01,Basildon,52.24,0.0,13.17,5.936
1758-05-01,Bataysk,47.42,39.08,14.630999999999998,3.628
1758-05-01,Baton Rouge,29.74,-90.46,22.639,3.5669999999999997
1758-05-01,Belfast,55.45,-5.67,10.018999999999998,5.4270000000000005
1758-05-01,Belgorod,50.63,36.76,12.796,3.861
1758-05-01,Belgrade,44.2,20.12,14.805,4.948
1758-05-01,Benghazi,32.95,20.11,18.975,3.9530000000000003
1758-05-01,Berezniki,58.66,55.38,7.59,3.6830000000000003
1758-05-01,Bergamo,45.81,10.38,14.261,5.9979999999999976
1758-05-01,Bergen,60.27,6.49,6.45,6.521
1758-05-01,Bergisch Gladbach,50.63,6.34,14.392000000000001,6.364
1758-05-01,Berlin,52.24,13.14,14.895999999999999,6.267
1758-05-01,Bern,47.42,8.29,11.89,6.331
1758-05-01,Besançon,47.42,5.92,13.565,6.31
1758-05-01,Bialystok,53.84,23.18,12.264000000000001,5.521
1758-05-01,Bielefeld,52.24,7.880000000000001,14.698,6.4
1758-05-01,Bielsko Biala,50.63,19.01,13.823,5.695
1758-05-01,Bila Tserkva,49.03,29.39,13.135,4.405
1758-05-01,Bilbao,42.59,-2.18,13.527000000000001,5.035
1758-05-01,Birmingham,32.95,-87.13,20.335,3.6519999999999997
1758-05-01,Birmingham,52.24,-2.63,12.249,5.669
1758-05-01,Blackburn,53.84,-1.36,12.1,5.825
1758-05-01,Blackpool,53.84,-4.09,10.622,5.5429999999999975
1758-05-01,Bochum,52.24,7.880000000000001,14.698,6.4
1758-05-01,Bologna,44.2,11.18,15.375,5.697
1758-05-01,Bolton,53.84,-1.36,12.1,5.825
1758-05-01,Bonn,50.63,6.34,14.392000000000001,6.364
1758-05-01,Bordeaux,44.2,0.0,15.149,5.409
1758-05-01,Boston,42.59,-72.0,11.772,3.5660000000000003
1758-05-01,Botosani,47.42,27.24,14.291,4.519
1758-05-01,Bottrop,52.24,7.880000000000001,14.698,6.4
1758-05-01,Boulogne Billancourt,49.03,2.45,14.71,6.064
1758-05-01,Bournemouth,50.63,-1.27,12.300999999999998,5.7620000000000005
1758-05-01,Bradford,53.84,-1.36,12.1,5.825
1758-05-01,Braga,40.99,-8.52,14.247,4.368
1758-05-01,Braila,45.81,28.85,14.982000000000001,4.245
1758-05-01,Brasov,45.81,26.54,12.56,4.467
1758-05-01,Bratislava,47.42,17.76,15.845,5.534
1758-05-01,Breda,52.24,5.26,14.452000000000002,6.398
1758-05-01,Bremen,53.84,9.55,14.123,6.434
1758-05-01,Bremerhaven,53.84,9.55,14.123,6.434
1758-05-01,Brescia,45.81,10.38,14.261,5.9979999999999976
1758-05-01,Brest,49.03,-4.9,11.630999999999998,5.266
1758-05-01,Brest,52.24,23.65,13.187000000000001,5.309
1758-05-01,Bridgeport,40.99,-72.43,12.134,3.633
1758-05-01,Brighton,50.63,-1.27,12.300999999999998,5.7620000000000005
1758-05-01,Bristol,52.24,-2.63,12.249,5.669
1758-05-01,Brno,49.03,17.14,14.083,5.739
1758-05-01,Brugge,50.63,3.8,14.944,6.234
1758-05-01,Brunswick,52.24,10.51,14.14,6.365
1758-05-01,Brussels,50.63,3.8,14.944,6.234
1758-05-01,Bryansk,53.84,34.09,11.198,4.133
1758-05-01,Bucharest,44.2,26.83,15.781,4.312
1758-05-01,Budapest,47.42,20.13,15.720999999999998,5.28
1758-05-01,Buffalo,42.59,-78.55,11.966,3.702
1758-05-01,Burgas,42.59,28.36,13.366,4.053999999999999
1758-05-01,Burgos,42.59,-4.36,12.164,4.851
1758-05-01,Bursa,39.38,29.13,13.327,3.847
1758-05-01,Buzau,45.81,26.54,12.56,4.467
1758-05-01,Bydgoszcz,53.84,17.73,13.795,6.16
1758-05-01,Bytom,50.63,19.01,13.823,5.695
1758-05-01,Cadiz,36.17,-5.97,16.973,4.135
1758-05-01,Caen,49.03,0.0,13.75,5.818
1758-05-01,Cagliari,39.38,8.32,16.899,5.022
1758-05-01,Cambridge,42.59,-72.0,11.772,3.5660000000000003
1758-05-01,Cambridge,52.24,0.0,13.17,5.936
1758-05-01,Cape Coral,26.52,-82.39,22.750999999999998,3.495
1758-05-01,Cardiff,52.24,-2.63,12.249,5.669
1758-05-01,Cartagena,37.78,0.0,17.71,4.563
1758-05-01,Cary,36.17,-79.56,18.21,3.7260000000000004
1758-05-01,Catania,37.78,14.24,16.024,4.6080000000000005
1758-05-01,Cedar Rapids,42.59,-91.64,13.755,3.7889999999999997
1758-05-01,Charleroi,50.63,3.8,14.944,6.234
1758-05-01,Charleston,32.95,-79.47,20.835,3.675
1758-05-01,Charlotte,34.56,-81.73,19.6,3.716
1758-05-01,Chattanooga,34.56,-85.62,18.583,3.701
1758-05-01,Cheboksary,55.45,48.19,10.693,3.609
1758-05-01,Chelmsford,52.24,0.0,13.17,5.936
1758-05-01,Cheltenham,52.24,-2.63,12.249,5.669
1758-05-01,Chemnitz,50.63,13.94,14.263000000000002,6.153
1758-05-01,Cherepovets,58.66,36.92,8.296000000000001,3.977
1758-05-01,Cherkasy,49.03,31.84,13.463,4.167
1758-05-01,Chernihiv,52.24,31.53,12.538,4.329
1758-05-01,Chernivtsi,49.03,26.94,13.379000000000001,4.666
1758-05-01,Chesapeake,36.17,-75.58,17.564,3.713
1758-05-01,Chicago,42.59,-87.27,10.42,3.7430000000000003
1758-05-01,Chisinau,47.42,29.61,14.305,4.285
1758-05-01,Chorzow,50.63,19.01,13.823,5.695
1758-05-01,Cincinnati,39.38,-85.32,15.8,3.748
1758-05-01,Clarksville,36.17,-87.51,18.124,3.718
1758-05-01,Clearwater,28.13,-82.73,22.916,3.543
1758-05-01,Clermont Ferrand,45.81,3.46,12.303,5.959
1758-05-01,Cleveland,40.99,-80.95,14.031,3.736
1758-05-01,Cluj Napoca,47.42,22.5,14.883,5.012
1758-05-01,Coimbra,40.99,-8.52,14.247,4.368
1758-05-01,Colchester,52.24,0.0,13.17,5.936
1758-05-01,Cologne,50.63,6.34,14.392000000000001,6.364
1758-05-01,Columbia,34.56,-81.73,19.6,3.716
1758-05-01,Columbus,32.95,-85.21,19.916,3.67
1758-05-01,Columbus,39.38,-83.24,15.765,3.747
1758-05-01,Constanta,44.2,29.07,13.716,4.1080000000000005
1758-05-01,Constantine,36.17,5.97,15.77,4.623
1758-05-01,Copenhagen,55.45,11.34,13.145,6.585
1758-05-01,Coral Springs,26.52,-80.6,23.653000000000002,3.498
1758-05-01,Cork,52.24,-7.880000000000001,11.882,5.077
1758-05-01,Cottbus,52.24,13.14,14.895999999999999,6.267
1758-05-01,Coventry,52.24,-2.63,12.249,5.669
1758-05-01,Cracow,50.63,19.01,13.823,5.695
1758-05-01,Craiova,44.2,24.6,16.043,4.5089999999999995
1758-05-01,Crawley,50.63,-1.27,12.300999999999998,5.7620000000000005
1758-05-01,Czestochowa,50.63,19.01,13.823,5.695
1758-05-01,Córdoba,37.78,-4.07,17.131,4.419
1758-05-01,Dabrowa Gornicza,50.63,19.01,13.823,5.695
1758-05-01,Darmstadt,50.63,8.87,14.204,6.367000000000001
1758-05-01,Daugavpils,55.45,25.51,11.29,5.303
1758-05-01,Dayton,39.38,-83.24,15.765,3.747
1758-05-01,Debrecen,47.42,22.5,14.883,5.012
1758-05-01,Denizli,37.78,28.47,16.533,3.8369999999999997
1758-05-01,Derby,53.84,-1.36,12.1,5.825
1758-05-01,Des Moines,40.99,-93.73,15.030999999999999,3.8139999999999996
1758-05-01,Detroit,42.59,-82.91,12.880999999999998,3.701
1758-05-01,Dijon,47.42,5.92,13.565,6.31
1758-05-01,Dimitrovgrad,53.84,50.45,11.438,3.565
1758-05-01,Dordrecht,52.24,5.26,14.452000000000002,6.398
1758-05-01,Dortmund,52.24,7.880000000000001,14.698,6.4
1758-05-01,Dos Hermanas,37.78,-6.1,17.745,4.296
1758-05-01,Dresden,50.63,13.94,14.263000000000002,6.153
1758-05-01,Drobeta Turnu Severin,44.2,22.36,14.59,4.726
1758-05-01,Dublin,53.84,-6.82,11.036,5.252999999999999
1758-05-01,Dudley,52.24,-2.63,12.249,5.669
1758-05-01,Duisburg,50.63,6.34,14.392000000000001,6.364
1758-05-01,Dundee,57.05,-4.43,9.81,5.569
1758-05-01,Durham,36.17,-79.56,18.21,3.7260000000000004
1758-05-01,Durrës,40.99,19.17,17.055,4.669
1758-05-01,Dzerzhinsk,57.05,42.79,9.456,3.7230000000000003
1758-05-01,Düsseldorf,50.63,6.34,14.392000000000001,6.364
1758-05-01,Eastbourne,50.63,1.27,12.683,6.016
1758-05-01,Ede,52.24,5.26,14.452000000000002,6.398
1758-05-01,Edinburgh,55.45,-2.8299999999999996,11.097,5.693
1758-05-01,Edirne,42.59,26.18,14.892999999999999,4.249
1758-05-01,Edison,40.99,-74.56,13.844,3.725
1758-05-01,Eindhoven,52.24,5.26,14.452000000000002,6.398
1758-05-01,Elbasan,40.99,19.17,17.055,4.669
1758-05-01,Elblag,53.84,20.45,13.159,5.8820000000000014
1758-05-01,Elektrostal,55.45,39.69,10.709000000000001,3.798
1758-05-01,Elizabeth,40.99,-74.56,13.844,3.725
1758-05-01,Emmen,52.24,7.880000000000001,14.698,6.4
1758-05-01,Engels,50.63,46.9,13.717,3.5210000000000004
1758-05-01,Enschede,52.24,7.880000000000001,14.698,6.4
1758-05-01,Erfurt,50.63,11.41,13.463,6.312
1758-05-01,Erlangen,49.03,9.8,14.542000000000002,6.3839999999999995
1758-05-01,Esenyurt,40.99,27.69,15.025000000000002,4.011
1758-05-01,Eskisehir,39.38,31.21,13.142000000000001,3.747
1758-05-01,Espoo,60.27,25.95,7.273,5.397
1758-05-01,Essen,50.63,6.34,14.392000000000001,6.364
1758-05-01,Evansville,37.78,-87.46,17.799,3.737
1758-05-01,Exeter,50.63,-3.8,13.324000000000002,5.471
1758-05-01,Fayetteville,34.56,-79.78,20.043,3.7089999999999996
1758-05-01,Ferrara,44.2,11.18,15.375,5.697
1758-05-01,Fez,34.56,-5.84,17.160999999999998,4.07
1758-05-01,Flint,42.59,-82.91,12.880999999999998,3.701
1758-05-01,Florence,44.2,11.18,15.375,5.697
1758-05-01,Focsani,45.81,26.54,12.56,4.467
1758-05-01,Foggia,40.99,14.91,16.214000000000002,4.981
1758-05-01,Forlì,44.2,11.18,15.375,5.697
1758-05-01,Fort Lauderdale,26.52,-80.6,23.653000000000002,3.498
1758-05-01,Fort Wayne,40.99,-85.21,14.488,3.75
1758-05-01,Frankfurt,50.63,8.87,14.204,6.367000000000001
1758-05-01,Freiburg,47.42,8.29,11.89,6.331
1758-05-01,Fuenlabrada,40.99,-4.26,12.732999999999999,4.732
1758-05-01,Fürth,49.03,9.8,14.542000000000002,6.3839999999999995
1758-05-01,Gainesville,29.74,-83.08,22.311999999999998,3.591
1758-05-01,Galati,45.81,28.85,14.982000000000001,4.245
1758-05-01,Gdansk,53.84,17.73,13.795,6.16
1758-05-01,Gdynia,53.84,17.73,13.795,6.16
1758-05-01,Gebze,40.99,29.82,14.781999999999998,3.873
1758-05-01,Gelsenkirchen,52.24,7.880000000000001,14.698,6.4
1758-05-01,Geneva,45.81,5.77,12.947000000000001,6.175
1758-05-01,Genoa,44.2,8.94,15.65,5.817
1758-05-01,Gent,50.63,3.8,14.944,6.234
1758-05-01,Gera,50.63,11.41,13.463,6.312
1758-05-01,Getafe,40.99,-4.26,12.732999999999999,4.732
1758-05-01,Gijón,44.2,-6.71,12.425,4.752
1758-05-01,Gillingham,50.63,1.27,12.683,6.016
1758-05-01,Giugliano In Campania,40.99,14.91,16.214000000000002,4.981
1758-05-01,Glasgow,55.45,-2.8299999999999996,11.097,5.693
1758-05-01,Glazov,58.66,52.31,7.481,3.6719999999999997
1758-05-01,Gliwice,50.63,19.01,13.823,5.695
1758-05-01,Gloucester,52.24,-2.63,12.249,5.669
1758-05-01,Gomel,52.24,31.53,12.538,4.329
1758-05-01,Gorzow Wielkopolski,52.24,15.77,14.753,6.1370000000000005
1758-05-01,Granada,37.78,-4.07,17.131,4.419
1758-05-01,Grand Rapids,42.59,-85.09,13.125,3.73
1758-05-01,Graz,47.42,15.39,12.807,5.7520000000000024
1758-05-01,Green Bay,44.2,-87.2,10.197,3.7060000000000004
1758-05-01,Greensboro,36.17,-79.56,18.21,3.7260000000000004
1758-05-01,Grenoble,45.81,5.77,12.947000000000001,6.175
1758-05-01,Groningen,53.84,6.82,12.285,6.4110000000000005
1758-05-01,Guelph,44.2,-80.5,10.505999999999998,3.6689999999999996
1758-05-01,Gyor,47.42,17.76,15.845,5.534
1758-05-01,Göteborg,58.66,12.31,11.767000000000001,6.941
1758-05-01,Göttingen,52.24,10.51,14.14,6.365
1758-05-01,Haarlem,52.24,5.26,14.452000000000002,6.398
1758-05-01,Haarlemmermeer,52.24,5.26,14.452000000000002,6.398
1758-05-01,Hagen,52.24,7.880000000000001,14.698,6.4
1758-05-01,Halifax,44.2,-62.61,5.593999999999999,3.444
1758-05-01,Halle,50.63,11.41,13.463,6.312
1758-05-01,Hamburg,53.84,9.55,14.123,6.434
1758-05-01,Hamilton,42.59,-80.73,11.495,3.701
1758-05-01,Hamm,52.24,7.880000000000001,14.698,6.4
1758-05-01,Hampton,36.17,-75.58,17.564,3.713
1758-05-01,Hanover,52.24,10.51,14.14,6.365
1758-05-01,Hartford,40.99,-72.43,12.134,3.633
1758-05-01,Heidelberg,49.03,9.8,14.542000000000002,6.3839999999999995
1758-05-01,Heilbronn,49.03,9.8,14.542000000000002,6.3839999999999995
1758-05-01,Helsinki,60.27,25.95,7.273,5.397
1758-05-01,Herne,52.24,7.880000000000001,14.698,6.4
1758-05-01,Hialeah,26.52,-80.6,23.653000000000002,3.498
1758-05-01,Hildesheim,52.24,10.51,14.14,6.365
1758-05-01,Hollywood,26.52,-80.6,23.653000000000002,3.498
1758-05-01,Horlivka,49.03,39.18,13.616,3.679
1758-05-01,Hrodna,53.84,23.18,12.264000000000001,5.521
1758-05-01,Huddersfield,53.84,-1.36,12.1,5.825
1758-05-01,Huelva,37.78,-6.1,17.745,4.296
1758-05-01,Huntsville,34.56,-85.62,18.583,3.701
1758-05-01,Iasi,47.42,27.24,14.291,4.519
1758-05-01,Independence,39.38,-93.64,16.487000000000002,3.7960000000000003
1758-05-01,Indianapolis,39.38,-85.32,15.8,3.748
1758-05-01,Inegol,39.38,29.13,13.327,3.847
1758-05-01,Ingolstadt,49.03,12.24,13.868,6.18
1758-05-01,Innsbruck,47.42,10.66,9.885,6.185
1758-05-01,Ipswich,52.24,0.0,13.17,5.936
1758-05-01,Istanbul,40.99,29.82,14.781999999999998,3.873
1758-05-01,Ivanovo,57.05,39.84,9.34,3.8080000000000003
1758-05-01,Izhevsk,57.05,54.59,8.427999999999999,3.642
1758-05-01,Izmir,37.78,26.44,17.659000000000006,3.9189999999999996
1758-05-01,Izmit,40.99,29.82,14.781999999999998,3.873
1758-05-01,Jackson,32.95,-90.96,21.085,3.635
1758-05-01,Jacksonville,29.74,-81.23,22.141,3.585
1758-05-01,Jaén,37.78,-4.07,17.131,4.419
1758-05-01,Jerez,36.17,-5.97,16.973,4.135
1758-05-01,Jersey City,40.99,-74.56,13.844,3.725
1758-05-01,Joliet,40.99,-87.34,14.768,3.766
1758-05-01,Kaliningrad,55.45,19.84,9.351,6.169
1758-05-01,Kalisz,52.24,18.39,14.274000000000001,5.9179999999999975
1758-05-01,Kallithéa,37.78,24.41,18.005999999999997,4.034
1758-05-01,Kaluga,53.84,36.82,10.965,3.926
1758-05-01,Kamyshin,50.63,44.37,12.923000000000002,3.545
1758-05-01,Kansas City,39.38,-93.64,16.487000000000002,3.7960000000000003
1758-05-01,Karlsruhe,49.03,7.35,14.635,6.4179999999999975
1758-05-01,Kassel,50.63,8.87,14.204,6.367000000000001
1758-05-01,Katowice,50.63,19.01,13.823,5.695
1758-05-01,Kaunas,55.45,22.68,12.042,5.769
1758-05-01,Kazan,55.45,48.19,10.693,3.609
1758-05-01,Kecskemét,47.42,20.13,15.720999999999998,5.28
1758-05-01,Kenitra,34.56,-5.84,17.160999999999998,4.07
1758-05-01,Kerch,45.81,35.77,13.146,3.708
1758-05-01,Kherson,47.42,31.97,14.303,4.075
1758-05-01,Khimki,55.45,36.85,10.184,3.951
1758-05-01,Kiel,53.84,9.55,14.123,6.434
1758-05-01,Kielce,50.63,21.55,13.556,5.415
1758-05-01,Kiev,50.63,31.69,13.517,4.2589999999999995
1758-05-01,Kingston,44.2,-76.02,11.058,3.633
1758-05-01,Kingston Upon Hull,53.84,-1.36,12.1,5.825
1758-05-01,Kirov,58.66,49.23,8.128,3.6719999999999997
1758-05-01,Kirovohrad,49.03,31.84,13.463,4.167
1758-05-01,Kitchener,44.2,-80.5,10.505999999999998,3.6689999999999996
1758-05-01,Klaipeda,55.45,19.84,9.351,6.169
1758-05-01,Knoxville,36.17,-83.54,16.625,3.73
1758-05-01,Koblenz,50.63,6.34,14.392000000000001,6.364
1758-05-01,Kolomna,55.45,39.69,10.709000000000001,3.798
1758-05-01,Kolpino,60.27,29.19,7.3039999999999985,4.713
1758-05-01,Kosice,49.03,22.04,13.38,5.209
1758-05-01,Kostroma,57.05,39.84,9.34,3.8080000000000003
1758-05-01,Koszalin,53.84,15.0,13.405999999999999,6.341
1758-05-01,Kovrov,57.05,42.79,9.456,3.7230000000000003
1758-05-01,Kragujevac,44.2,20.12,14.805,4.948
1758-05-01,Krasnodar,45.81,38.08,14.977999999999998,3.585
1758-05-01,Krefeld,50.63,6.34,14.392000000000001,6.364
1758-05-01,Kremenchuk,49.03,34.29,13.735,3.9730000000000003
1758-05-01,Kryvyy Rih,47.42,34.34,13.97,3.8930000000000002
1758-05-01,Kumanovo,42.59,21.82,13.797,4.629
1758-05-01,Kursk,52.24,36.79,11.762,3.9010000000000002
1758-05-01,Kütahya,39.38,29.13,13.327,3.847
1758-05-01,Lansing,42.59,-85.09,13.125,3.73
1758-05-01,Latina,40.99,12.78,16.675,5.107
1758-05-01,Lausanne,45.81,5.77,12.947000000000001,6.175
1758-05-01,Le Havre,49.03,0.0,13.75,5.818
1758-05-01,Le Mans,47.42,1.18,14.614,5.849
1758-05-01,Leeds,53.84,-1.36,12.1,5.825
1758-05-01,Leganés,40.99,-4.26,12.732999999999999,4.732
1758-05-01,Leghorn,44.2,11.18,15.375,5.697
1758-05-01,Legnica,50.63,16.48,12.915,5.937
1758-05-01,Leicester,52.24,0.0,13.17,5.936
1758-05-01,Leiden,52.24,5.26,14.452000000000002,6.398
1758-05-01,Leipzig,50.63,11.41,13.463,6.312
1758-05-01,Leverkusen,50.63,6.34,14.392000000000001,6.364
1758-05-01,Lexington Fayette,37.78,-85.42,17.167,3.733
1758-05-01,León,42.59,-6.55,12.886,4.6610000000000005
1758-05-01,Lille,50.63,3.8,14.944,6.234
1758-05-01,Limoges,45.81,1.15,13.73,5.7079999999999975
1758-05-01,Lincoln,40.99,-95.86,15.343000000000002,3.844
1758-05-01,Linz,49.03,14.69,12.883,5.965
1758-05-01,Lipetsk,52.24,39.42,12.028,3.752
1758-05-01,Lisbon,39.38,-8.32,15.978000000000002,4.274
1758-05-01,Little Rock,34.56,-91.46,20.088,3.676
1758-05-01,Liverpool,53.84,-4.09,10.622,5.5429999999999975
1758-05-01,Liège,50.63,6.34,14.392000000000001,6.364
1758-05-01,Ljubljana,45.81,15.0,14.414000000000001,5.6160000000000005
1758-05-01,Lleida,40.99,0.0,16.362000000000002,4.993
1758-05-01,Logroño,42.59,-2.18,13.527000000000001,5.035
1758-05-01,London,42.59,-80.73,11.495,3.701
1758-05-01,London,52.24,0.0,13.17,5.936
1758-05-01,Louisville,37.78,-85.42,17.167,3.733
1758-05-01,Lowell,42.59,-72.0,11.772,3.5660000000000003
1758-05-01,Lublin,50.63,21.55,13.556,5.415
1758-05-01,Ludwigshafen,49.03,7.35,14.635,6.4179999999999975
1758-05-01,Luton,52.24,0.0,13.17,5.936
1758-05-01,Lvov,50.63,24.08,13.282,5.1110000000000015
1758-05-01,Lyon,45.81,5.77,12.947000000000001,6.175
1758-05-01,Lyubertsy,55.45,36.85,10.184,3.951
1758-05-01,Lárisa,39.38,22.89,17.415,4.25
1758-05-01,Lübeck,53.84,9.55,14.123,6.434
1758-05-01,Maastricht,50.63,6.34,14.392000000000001,6.364
1758-05-01,Madison,42.59,-89.45,13.345,3.766
1758-05-01,Madrid,40.99,-4.26,12.732999999999999,4.732
1758-05-01,Magdeburg,52.24,10.51,14.14,6.365
1758-05-01,Mainz,50.63,8.87,14.204,6.367000000000001
1758-05-01,Makiyivka,47.42,39.08,14.630999999999998,3.628
1758-05-01,Malmö,55.45,14.17,11.561,6.568
1758-05-01,Manchester,42.59,-72.0,11.772,3.5660000000000003
1758-05-01,Manchester,53.84,-1.36,12.1,5.825
1758-05-01,Manisa,39.38,27.05,17.084,3.967
1758-05-01,Mannheim,49.03,7.35,14.635,6.4179999999999975
1758-05-01,Marbella,36.17,-3.98,16.381,4.238
1758-05-01,Marseille,42.59,6.55,16.05,5.555
1758-05-01,Mataró,40.99,2.13,16.637999999999998,5.121
1758-05-01,Maykop,44.2,40.25,12.515999999999998,3.46
1758-05-01,Mazyr,52.24,28.91,12.832,4.6339999999999995
1758-05-01,Memphis,34.56,-89.51,19.69,3.688
1758-05-01,Messina,37.78,16.27,16.389,4.501
1758-05-01,Metairie,29.74,-90.46,22.639,3.5669999999999997
1758-05-01,Metz,49.03,7.35,14.635,6.4179999999999975
1758-05-01,Miami,26.52,-80.6,23.653000000000002,3.498
1758-05-01,Middlesbrough,53.84,-1.36,12.1,5.825
1758-05-01,Milan,45.81,8.08,11.08,6.138999999999999
1758-05-01,Milwaukee,42.59,-87.27,10.42,3.7430000000000003
1758-05-01,Minneapolis,45.81,-93.46,11.378,3.8160000000000003
1758-05-01,Minsk,53.84,28.64,11.607,4.742
1758-05-01,Miramar,26.52,-80.6,23.653000000000002,3.498
1758-05-01,Miskolc,47.42,20.13,15.720999999999998,5.28
1758-05-01,Misratah,32.95,14.36,19.133,4.122
1758-05-01,Mobile,31.35,-88.59,21.189,3.6180000000000003
1758-05-01,Modena,44.2,11.18,15.375,5.697
1758-05-01,Moers,50.63,6.34,14.392000000000001,6.364
1758-05-01,Montgomery,32.95,-87.13,20.335,3.6519999999999997
1758-05-01,Montpellier,44.2,4.47,14.594,5.796
1758-05-01,Montreal,45.81,-72.69,10.363,3.557
1758-05-01,Monza,45.81,10.38,14.261,5.9979999999999976
1758-05-01,Moscow,55.45,36.85,10.184,3.951
1758-05-01,Mostar,42.59,17.45,17.788,5.002
1758-05-01,Mulhouse,47.42,8.29,11.89,6.331
1758-05-01,Munich,47.42,10.66,9.885,6.185
1758-05-01,Murcia,37.78,-2.03,16.219,4.484
1758-05-01,Murmansk,68.31,34.7,1.517,4.468
1758-05-01,Murom,55.45,42.52,10.68,3.698
1758-05-01,Mytishchi,55.45,36.85,10.184,3.951
1758-05-01,Málaga,36.17,-3.98,16.381,4.238
1758-05-01,Médéa,36.17,1.99,17.366,4.502
1758-05-01,Móstoles,40.99,-4.26,12.732999999999999,4.732
1758-05-01,Mönchengladbach,50.63,6.34,14.392000000000001,6.364
1758-05-01,Mülheim,50.63,6.34,14.392000000000001,6.364
1758-05-01,Münster,52.24,7.880000000000001,14.698,6.4
1758-05-01,Nador,34.56,-3.89,16.401,4.15
1758-05-01,Namur,50.63,3.8,14.944,6.234
1758-05-01,Nancy,49.03,7.35,14.635,6.4179999999999975
1758-05-01,Nantes,47.42,-1.18,14.785,5.587999999999999
1758-05-01,Naperville,40.99,-87.34,14.768,3.766
1758-05-01,Naples,40.99,14.91,16.214000000000002,4.981
1758-05-01,Nashville,36.17,-87.51,18.124,3.718
1758-05-01,Nassau,24.92,-78.03,24.554,3.45
1758-05-01,Nazilli,37.78,28.47,16.533,3.8369999999999997
1758-05-01,Neftekamsk,55.45,53.86,9.856,3.6039999999999996
1758-05-01,Neuss,50.63,6.34,14.392000000000001,6.364
1758-05-01,New Haven,40.99,-72.43,12.134,3.633
1758-05-01,New Orleans,29.74,-90.46,22.639,3.5669999999999997
1758-05-01,New York,40.99,-74.56,13.844,3.725
1758-05-01,Newark,40.99,-74.56,13.844,3.725
1758-05-01,Newcastle Upon Tyne,55.45,-2.8299999999999996,11.097,5.693
1758-05-01,Newport,52.24,-2.63,12.249,5.669
1758-05-01,Newport News,37.78,-77.29,17.618000000000006,3.764
1758-05-01,Nice,44.2,6.71,12.422,5.869
1758-05-01,Nijmegen,52.24,5.26,14.452000000000002,6.398
1758-05-01,Nis,42.59,21.82,13.797,4.629
1758-05-01,Nizhnekamsk,55.45,51.02,10.055,3.593
1758-05-01,Nizhniy Novgorod,57.05,42.79,9.456,3.7230000000000003
1758-05-01,Noginsk,55.45,39.69,10.709000000000001,3.798
1758-05-01,Norfolk,36.17,-75.58,17.564,3.713
1758-05-01,Northampton,52.24,0.0,13.17,5.936
1758-05-01,Norwich,52.24,0.0,13.17,5.936
1758-05-01,Nottingham,53.84,-1.36,12.1,5.825
1758-05-01,Novara,45.81,8.08,11.08,6.138999999999999
1758-05-01,Novi Sad,45.81,19.62,16.352999999999998,5.172999999999999
1758-05-01,Novocheboksarsk,55.45,48.19,10.693,3.609
1758-05-01,Novocherkassk,47.42,39.08,14.630999999999998,3.628
1758-05-01,Novomoskovsk,53.84,39.55,11.288,3.784
1758-05-01,Novorossiysk,44.2,38.01,13.373,3.522
1758-05-01,Nuremberg,49.03,12.24,13.868,6.18
1758-05-01,Nyíregyháza,47.42,22.5,14.883,5.012
1758-05-01,Nîmes,44.2,4.47,14.594,5.796
1758-05-01,Oberhausen,50.63,6.34,14.392000000000001,6.364
1758-05-01,Obninsk,55.45,36.85,10.184,3.951
1758-05-01,Odense,55.45,11.34,13.145,6.585
1758-05-01,Odesa,45.81,31.15,12.872,4.046
1758-05-01,Odintsovo,55.45,36.85,10.184,3.951
1758-05-01,Offenbach,50.63,8.87,14.204,6.367000000000001
1758-05-01,Oktyabrskiy,53.84,53.18,10.689,3.5669999999999997
1758-05-01,Olathe,39.38,-95.72,16.427,3.8139999999999996
1758-05-01,Oldenburg,52.24,7.880000000000001,14.698,6.4
1758-05-01,Oldham,53.84,-1.36,12.1,5.825
1758-05-01,Olomouc,49.03,17.14,14.083,5.739
1758-05-01,Olsztyn,53.84,20.45,13.159,5.8820000000000014
1758-05-01,Omaha,40.99,-95.86,15.343000000000002,3.844
1758-05-01,Opole,50.63,19.01,13.823,5.695
1758-05-01,Oradea,47.42,22.5,14.883,5.012
1758-05-01,Orekhovo Zuevo,55.45,39.69,10.709000000000001,3.798
1758-05-01,Orlando,28.13,-80.91,23.406999999999996,3.535
1758-05-01,Orléans,47.42,1.18,14.614,5.849
1758-05-01,Orsha,53.84,31.36,11.469000000000001,4.399
1758-05-01,Orël,52.24,36.79,11.762,3.9010000000000002
1758-05-01,Oshawa,44.2,-78.26,10.787,3.654
1758-05-01,Oslo,60.27,9.73,8.186,6.791
1758-05-01,Osnabrück,52.24,7.880000000000001,14.698,6.4
1758-05-01,Ostrava,50.63,19.01,13.823,5.695
1758-05-01,Ottawa,45.81,-75.0,9.946,3.592
1758-05-01,Oulu,65.09,24.89,4.942,5.416
1758-05-01,Overland Park,39.38,-93.64,16.487000000000002,3.7960000000000003
1758-05-01,Oviedo,42.59,-6.55,12.886,4.6610000000000005
1758-05-01,Oxford,52.24,0.0,13.17,5.936
1758-05-01,Paderborn,52.24,7.880000000000001,14.698,6.4
1758-05-01,Padova,45.81,12.69,15.978,5.825
1758-05-01,Palermo,37.78,14.24,16.024,4.6080000000000005
1758-05-01,Palma,39.38,2.08,17.417,4.873
1758-05-01,Pamplona,42.59,-2.18,13.527000000000001,5.035
1758-05-01,Panevezys,55.45,25.51,11.29,5.303
1758-05-01,Paris,49.03,2.45,14.71,6.064
1758-05-01,Parma,44.2,11.18,15.375,5.697
1758-05-01,Paterson,40.99,-74.56,13.844,3.725
1758-05-01,Pavlohrad,49.03,36.73,13.563,3.815
1758-05-01,Pembroke Pines,26.52,-80.6,23.653000000000002,3.498
1758-05-01,Penza,53.84,45.0,11.003,3.616
1758-05-01,Peoria,40.99,-89.47,15.114999999999998,3.7880000000000003
1758-05-01,Peristérion,37.78,24.41,18.005999999999997,4.034
1758-05-01,Perm,58.66,55.38,7.59,3.6830000000000003
1758-05-01,Perpignan,42.59,2.18,13.244000000000002,5.376
1758-05-01,Perugia,42.59,13.09,14.669,5.319
1758-05-01,Pescara,42.59,15.27,16.913,5.152
1758-05-01,Peterborough,52.24,0.0,13.17,5.936
1758-05-01,Petrozavodsk,61.88,35.66,4.992,4.223
1758-05-01,Pforzheim,49.03,9.8,14.542000000000002,6.3839999999999995
1758-05-01,Philadelphia,39.38,-74.91,15.220999999999998,3.7960000000000003
1758-05-01,Piatra Neamt,47.42,27.24,14.291,4.519
1758-05-01,Pinsk,52.24,26.28,12.96,4.966
1758-05-01,Pitesti,44.2,24.6,16.043,4.5089999999999995
1758-05-01,Pittsburgh,40.99,-80.95,14.031,3.736
1758-05-01,Pleven,44.2,24.6,16.043,4.5089999999999995
1758-05-01,Plock,52.24,18.39,14.274000000000001,5.9179999999999975
1758-05-01,Ploiesti,45.81,26.54,12.56,4.467
1758-05-01,Plovdiv,42.59,24.0,11.581,4.433
1758-05-01,Plymouth,50.63,-3.8,13.324000000000002,5.471
1758-05-01,Plzen,50.63,13.94,14.263000000000002,6.153
1758-05-01,Podgorica,42.59,19.64,13.927,4.81
1758-05-01,Podolsk,55.45,36.85,10.184,3.951
1758-05-01,Poltava,49.03,34.29,13.735,3.9730000000000003
1758-05-01,Poole,50.63,-1.27,12.300999999999998,5.7620000000000005
1758-05-01,Port Saint Lucie,26.52,-80.6,23.653000000000002,3.498
1758-05-01,Porto,40.99,-8.52,14.247,4.368
1758-05-01,Portsmouth,50.63,-1.27,12.300999999999998,5.7620000000000005
1758-05-01,Potsdam,52.24,13.14,14.895999999999999,6.267
1758-05-01,Poznan,52.24,15.77,14.753,6.1370000000000005
1758-05-01,Prague,50.63,13.94,14.263000000000002,6.153
1758-05-01,Prato,44.2,11.18,15.375,5.697
1758-05-01,Preston,53.84,-1.36,12.1,5.825
1758-05-01,Pristina,42.59,21.82,13.797,4.629
1758-05-01,Prizren,42.59,21.82,13.797,4.629
1758-05-01,Providence,42.59,-72.0,11.772,3.5660000000000003
1758-05-01,Pskov,57.05,28.03,10.514000000000001,4.939
1758-05-01,Pátrai,37.78,22.37,16.073,4.157
1758-05-01,Pécs,45.81,17.31,16.184,5.405
1758-05-01,Qabis,34.56,9.73,20.77,4.381
1758-05-01,Quebec,47.42,-72.24,7.249,3.552
1758-05-01,Queluz,39.38,-8.32,15.978000000000002,4.274
1758-05-01,Rabat,34.56,-5.84,17.160999999999998,4.07
1758-05-01,Radom,50.63,21.55,13.556,5.415
1758-05-01,Raleigh,36.17,-79.56,18.21,3.7260000000000004
1758-05-01,Ramnicu Valcea,45.81,24.23,11.753,4.69
1758-05-01,Ratisbon,49.03,12.24,13.868,6.18
1758-05-01,Ravenna,44.2,11.18,15.375,5.697
1758-05-01,Reading,50.63,-1.27,12.300999999999998,5.7620000000000005
1758-05-01,Recklinghausen,52.24,7.880000000000001,14.698,6.4
1758-05-01,Reggio Di Calabria,37.78,16.27,16.389,4.501
1758-05-01,Reims,49.03,4.9,14.625,6.2829999999999995
1758-05-01,Remscheid,50.63,6.34,14.392000000000001,6.364
1758-05-01,Rennes,47.42,-1.18,14.785,5.587999999999999
1758-05-01,Reutlingen,49.03,9.8,14.542000000000002,6.3839999999999995
1758-05-01,Reykjavík,65.09,-21.06,0.0,0.0
1758-05-01,Richmond,37.78,-77.29,17.618000000000006,3.764
1758-05-01,Riga,57.05,25.08,10.895999999999999,5.481
1758-05-01,Rijeka,45.81,15.0,14.414000000000001,5.6160000000000005
1758-05-01,Rimini,44.2,13.42,16.166999999999998,5.537000000000001
1758-05-01,Rivne,50.63,26.62,13.148,4.81
1758-05-01,Rochester,42.59,-78.55,11.966,3.702
1758-05-01,Rockford,42.59,-89.45,13.345,3.766
1758-05-01,Rome,42.59,13.09,14.669,5.319
1758-05-01,Rostock,53.84,12.27,14.253,6.4110000000000005
1758-05-01,Rostov Na Donu,47.42,39.08,14.630999999999998,3.628
1758-05-01,Rotherham,53.84,-1.36,12.1,5.825
1758-05-01,Rotterdam,52.24,5.26,14.452000000000002,6.398
1758-05-01,Rouen,49.03,0.0,13.75,5.818
1758-05-01,Ruda Slaska,50.63,19.01,13.823,5.695
1758-05-01,Ruse,44.2,26.83,15.781,4.312
1758-05-01,Ryazan,53.84,39.55,11.288,3.784
1758-05-01,Rybinsk,58.66,40.0,8.655,3.839
1758-05-01,Rybnik,50.63,19.01,13.823,5.695
1758-05-01,Rzeszow,50.63,21.55,13.556,5.415
1758-05-01,Saarbrücken,49.03,7.35,14.635,6.4179999999999975
1758-05-01,Sabadell,40.99,2.13,16.637999999999998,5.121
1758-05-01,Sabratah,32.95,12.45,19.459,4.168
1758-05-01,Safaqis,34.56,11.68,18.221,4.331
1758-05-01,Saint Helens,53.84,-4.09,10.622,5.5429999999999975
1758-05-01,Saint Louis,39.38,-89.48,16.617,3.7760000000000002
1758-05-01,Saint Paul,45.81,-93.46,11.378,3.8160000000000003
1758-05-01,Saint Petersburg,28.13,-82.73,22.916,3.543
1758-05-01,Saint Petersburg,60.27,29.19,7.3039999999999985,4.713
1758-05-01,Saint Étienne,45.81,3.46,12.303,5.959
1758-05-01,Salamanca,40.99,-6.39,12.925,4.569
1758-05-01,Salerno,40.99,14.91,16.214000000000002,4.981
1758-05-01,Salihorsk,52.24,26.28,12.96,4.966
1758-05-01,Salzburg,47.42,13.03,10.083,5.9670000000000005
1758-05-01,Salzgitter,52.24,10.51,14.14,6.365
1758-05-01,Samara,53.84,50.45,11.438,3.565
1758-05-01,Santander,44.2,-4.47,13.31,4.97
1758-05-01,Sarajevo,44.2,17.89,13.438,5.1560000000000015
1758-05-01,Saransk,53.84,45.0,11.003,3.616
1758-05-01,Sarapul,57.05,54.59,8.427999999999999,3.642
1758-05-01,Saratov,52.24,47.3,12.245,3.5410000000000004
1758-05-01,Sassari,40.99,8.52,16.351000000000006,5.268
1758-05-01,Satu Mare,47.42,22.5,14.883,5.012
1758-05-01,Savannah,31.35,-81.05,21.21,3.636
1758-05-01,Sergiyev Posad,57.05,36.89,9.575,3.951
1758-05-01,Serpukhov,55.45,36.85,10.184,3.951
1758-05-01,Setúbal,39.38,-8.32,15.978000000000002,4.274
1758-05-01,Severodvinsk,65.09,40.21,3.0930000000000004,4.177
1758-05-01,Sevilla,37.78,-6.1,17.745,4.296
1758-05-01,Shakhty,47.42,39.08,14.630999999999998,3.628
1758-05-01,Sheffield,53.84,-1.36,12.1,5.825
1758-05-01,Sherbrooke,45.81,-72.69,10.363,3.557
1758-05-01,Shreveport,32.95,-92.87,20.557,3.6260000000000003
1758-05-01,Siauliai,55.45,22.68,12.042,5.769
1758-05-01,Sibiu,45.81,24.23,11.753,4.69
1758-05-01,Siegen,50.63,8.87,14.204,6.367000000000001
1758-05-01,Sioux Falls,44.2,-96.15,12.519,3.866
1758-05-01,Skopje,42.59,21.82,13.797,4.629
1758-05-01,Slough,52.24,0.0,13.17,5.936
1758-05-01,Smolensk,55.45,31.18,10.755,4.454
1758-05-01,Sochi,44.2,40.25,12.515999999999998,3.46
1758-05-01,Sofia,42.59,24.0,11.581,4.433
1758-05-01,Solikamsk,60.27,58.38,5.235,3.7260000000000004
1758-05-01,Solingen,50.63,6.34,14.392000000000001,6.364
1758-05-01,Sosnowiec,50.63,19.01,13.823,5.695
1758-05-01,South Bend,40.99,-85.21,14.488,3.75
1758-05-01,Southampton,50.63,-1.27,12.300999999999998,5.7620000000000005
1758-05-01,Southend On Sea,52.24,0.0,13.17,5.936
1758-05-01,Split,44.2,15.65,16.539,5.346
1758-05-01,Springfield,37.78,-93.56,16.997999999999998,3.76
1758-05-01,Springfield,39.38,-89.48,16.617,3.7760000000000002
1758-05-01,Springfield,42.59,-72.0,11.772,3.5660000000000003
1758-05-01,Stamford,40.99,-74.56,13.844,3.725
1758-05-01,Stara Zagora,42.59,26.18,14.892999999999999,4.249
1758-05-01,Staryy Oskol,50.63,36.76,12.796,3.861
1758-05-01,Stavanger,58.66,6.15,10.045,6.478
1758-05-01,Sterling Heights,42.59,-82.91,12.880999999999998,3.701
1758-05-01,Stockholm,58.66,18.46,8.345,6.968
1758-05-01,Stockport,53.84,-1.36,12.1,5.825
1758-05-01,Stoke On Trent,52.24,-2.63,12.249,5.669
1758-05-01,Strasbourg,49.03,7.35,14.635,6.4179999999999975
1758-05-01,Stuttgart,49.03,9.8,14.542000000000002,6.3839999999999995
1758-05-01,Suceava,47.42,27.24,14.291,4.519
1758-05-01,Sudbury,45.81,-81.92,7.814,3.6310000000000002
1758-05-01,Sumy,50.63,34.23,13.035,4.043
1758-05-01,Sunderland,55.45,-2.8299999999999996,11.097,5.693
1758-05-01,Susah,36.17,9.94,19.251,4.552
1758-05-01,Sutton Coldfield,52.24,-2.63,12.249,5.669
1758-05-01,Swansea,52.24,-5.26,10.66,5.365
1758-05-01,Swindon,52.24,-2.63,12.249,5.669
1758-05-01,Syktyvkar,61.88,49.25,5.523,3.782
1758-05-01,Syracuse,37.78,16.27,16.389,4.501
1758-05-01,Syracuse,42.59,-76.36,12.067,3.697
1758-05-01,Syzran,53.84,47.73,10.979000000000001,3.574
1758-05-01,Szczecin,53.84,15.0,13.405999999999999,6.341
1758-05-01,Szeged,45.81,19.62,16.352999999999998,5.172999999999999
1758-05-01,Székesfehérvár,47.42,17.76,15.845,5.534
1758-05-01,Taganrog,47.42,39.08,14.630999999999998,3.628
1758-05-01,Tallahassee,29.74,-84.92,21.851999999999997,3.5789999999999997
1758-05-01,Tallinn,58.66,24.62,10.715,5.659
1758-05-01,Tambov,52.24,42.04,12.167,3.6489999999999996
1758-05-01,Tampa,28.13,-82.73,22.916,3.543
1758-05-01,Tampere,61.88,22.08,8.541,6.239
1758-05-01,Tangier,36.17,-5.97,16.973,4.135
1758-05-01,Taranto,40.99,17.04,17.147000000000002,4.831
1758-05-01,Targu Mures,45.81,24.23,11.753,4.69
1758-05-01,Tarhunah,32.95,14.36,19.133,4.122
1758-05-01,Tarnow,50.63,21.55,13.556,5.415
1758-05-01,Tarragona,40.99,2.13,16.637999999999998,5.121
1758-05-01,Tartu,58.66,27.69,9.396999999999998,4.988
1758-05-01,Tekirdag,40.99,27.69,15.025000000000002,4.011
1758-05-01,Terni,42.59,13.09,14.669,5.319
1758-05-01,Terrassa,40.99,2.13,16.637999999999998,5.121
1758-05-01,The Hague,52.24,5.26,14.452000000000002,6.398
1758-05-01,Thessaloníki,40.99,23.43,17.0,4.345
1758-05-01,Tighina,47.42,29.61,14.305,4.285
1758-05-01,Tilburg,52.24,5.26,14.452000000000002,6.398
1758-05-01,Timisoara,45.81,21.92,14.72,4.925
1758-05-01,Tirana,40.99,19.17,17.055,4.669
1758-05-01,Toledo,40.99,-83.08,14.235,3.7489999999999997
1758-05-01,Tolyatti,53.84,50.45,11.438,3.565
1758-05-01,Toms River,39.38,-74.91,15.220999999999998,3.7960000000000003
1758-05-01,Topeka,39.38,-95.72,16.427,3.8139999999999996
1758-05-01,Toronto,44.2,-80.5,10.505999999999998,3.6689999999999996
1758-05-01,Torrejón De Ardoz,40.99,-4.26,12.732999999999999,4.732
1758-05-01,Torun,52.24,18.39,14.274000000000001,5.9179999999999975
1758-05-01,Toulon,42.59,6.55,16.05,5.555
1758-05-01,Toulouse,44.2,2.24,13.39,5.619
1758-05-01,Tours,47.42,1.18,14.614,5.849
1758-05-01,Trento,45.81,10.38,14.261,5.9979999999999976
1758-05-01,Trier,49.03,7.35,14.635,6.4179999999999975
1758-05-01,Trieste,45.81,12.69,15.978,5.825
1758-05-01,Tripoli,32.95,12.45,19.459,4.168
1758-05-01,Trois Rivières,45.81,-72.69,10.363,3.557
1758-05-01,Trondheim,63.49,9.0,7.652,6.3660000000000005
1758-05-01,Tula,53.84,36.82,10.965,3.926
1758-05-01,Tulsa,36.17,-95.47,18.677,3.708
1758-05-01,Tunis,36.17,9.94,19.251,4.552
1758-05-01,Turgutlu,37.78,28.47,16.533,3.8369999999999997
1758-05-01,Turin,45.81,8.08,11.08,6.138999999999999
1758-05-01,Turku,60.27,22.7,8.775,6.1160000000000005
1758-05-01,Tuzla,44.2,17.89,13.438,5.1560000000000015
1758-05-01,Tver,57.05,36.89,9.575,3.951
1758-05-01,Tychy,50.63,19.01,13.823,5.695
1758-05-01,Tétouan,36.17,-5.97,16.973,4.135
1758-05-01,Ufa,55.45,56.69,9.516,3.61
1758-05-01,Ukhta,63.49,52.2,3.5860000000000003,3.855
1758-05-01,Ulm,49.03,9.8,14.542000000000002,6.3839999999999995
1758-05-01,Ulyanovsk,53.84,47.73,10.979000000000001,3.574
1758-05-01,Uppsala,60.27,16.22,9.906,7.396
1758-05-01,Usak,39.38,29.13,13.327,3.847
1758-05-01,Utrecht,52.24,5.26,14.452000000000002,6.398
1758-05-01,Uzhhorod,49.03,22.04,13.38,5.209
1758-05-01,Valencia,39.38,0.0,16.933,4.7669999999999995
1758-05-01,Valladolid,40.99,-4.26,12.732999999999999,4.732
1758-05-01,Varna,42.59,28.36,13.366,4.053999999999999
1758-05-01,Velikie Luki,57.05,30.98,9.999,4.475
1758-05-01,Velikiy Novgorod,58.66,30.77,9.305,4.452
1758-05-01,Venice,45.81,12.69,15.978,5.825
1758-05-01,Verona,45.81,10.38,14.261,5.9979999999999976
1758-05-01,Vicenza,45.81,12.69,15.978,5.825
1758-05-01,Vienna,49.03,17.14,14.083,5.739
1758-05-01,Vigo,42.59,-8.73,13.312999999999999,4.455
1758-05-01,Villeurbanne,45.81,5.77,12.947000000000001,6.175
1758-05-01,Vilnius,55.45,25.51,11.29,5.303
1758-05-01,Vinnitsa,49.03,29.39,13.135,4.405
1758-05-01,Vinnytsya,49.03,29.39,13.135,4.405
1758-05-01,Virginia Beach,36.17,-75.58,17.564,3.713
1758-05-01,Vitoria,42.59,-2.18,13.527000000000001,5.035
1758-05-01,Vladimir,55.45,39.69,10.709000000000001,3.798
1758-05-01,Volgodonsk,47.42,41.45,14.429,3.545
1758-05-01,Volgograd,49.03,44.08,14.432000000000002,3.5269999999999997
1758-05-01,Vologda,58.66,40.0,8.655,3.839
1758-05-01,Volzhskiy,49.03,44.08,14.432000000000002,3.5269999999999997
1758-05-01,Voronezh,52.24,39.42,12.028,3.752
1758-05-01,Västerås,60.27,16.22,9.906,7.396
1758-05-01,Wahran,36.17,0.0,17.187,4.395
1758-05-01,Walbrzych,50.63,16.48,12.915,5.937
1758-05-01,Walsall,52.24,-2.63,12.249,5.669
1758-05-01,Warqla,31.35,5.65,26.158,4.189
1758-05-01,Warren,42.59,-82.91,12.880999999999998,3.701
1758-05-01,Warsaw,52.24,21.02,13.668,5.6370000000000005
1758-05-01,Washington,39.38,-76.99,16.164,3.785
1758-05-01,Waterbury,40.99,-72.43,12.134,3.633
1758-05-01,Waterloo,44.2,-80.5,10.505999999999998,3.6689999999999996
1758-05-01,Watford,52.24,0.0,13.17,5.936
1758-05-01,West Bromwich,52.24,-2.63,12.249,5.669
1758-05-01,Wiesbaden,50.63,8.87,14.204,6.367000000000001
1758-05-01,Windsor,42.59,-82.91,12.880999999999998,3.701
1758-05-01,Winston Salem,36.17,-79.56,18.21,3.7260000000000004
1758-05-01,Witten,52.24,7.880000000000001,14.698,6.4
1758-05-01,Wloclawek,52.24,18.39,14.274000000000001,5.9179999999999975
1758-05-01,Wolfsburg,52.24,10.51,14.14,6.365
1758-05-01,Wolverhampton,52.24,-2.63,12.249,5.669
1758-05-01,Worcester,42.59,-72.0,11.772,3.5660000000000003
1758-05-01,Worcester,52.24,-2.63,12.249,5.669
1758-05-01,Wroclaw,50.63,16.48,12.915,5.937
1758-05-01,Wuppertal,50.63,6.34,14.392000000000001,6.364
1758-05-01,Würzburg,49.03,9.8,14.542000000000002,6.3839999999999995
1758-05-01,Yaroslavl,57.05,39.84,9.34,3.8080000000000003
1758-05-01,Yelets,52.24,39.42,12.028,3.752
1758-05-01,Yevpatoriya,45.81,33.46,14.049000000000001,3.865
1758-05-01,Yonkers,40.99,-74.56,13.844,3.725
1758-05-01,York,53.84,-1.36,12.1,5.825
1758-05-01,Zaanstad,52.24,5.26,14.452000000000002,6.398
1758-05-01,Zabrze,50.63,19.01,13.823,5.695
1758-05-01,Zagreb,45.81,15.0,14.414000000000001,5.6160000000000005
1758-05-01,Zaporizhzhya,47.42,34.34,13.97,3.8930000000000002
1758-05-01,Zaragoza,40.99,0.0,16.362000000000002,4.993
1758-05-01,Zelenodolsk,55.45,48.19,10.693,3.609
1758-05-01,Zelenograd,55.45,36.85,10.184,3.951
1758-05-01,Zenica,44.2,17.89,13.438,5.1560000000000015
1758-05-01,Zhukovskiy,55.45,36.85,10.184,3.951
1758-05-01,Zhytomyr,50.63,29.15,13.011,4.521
1758-05-01,Zielona Gora,52.24,15.77,14.753,6.1370000000000005
1758-05-01,Zoetermeer,52.24,5.26,14.452000000000002,6.398
1758-05-01,Zonguldak,40.99,31.95,12.875,3.739
1758-05-01,Zurich,47.42,8.29,11.89,6.331
1758-05-01,Zuwarah,32.95,12.45,19.459,4.168
1758-05-01,Zwolle,52.24,5.26,14.452000000000002,6.398
1758-05-01,Århus,57.05,10.33,12.793,6.694
1758-05-01,Çorlu,40.99,27.69,15.025000000000002,4.011
1758-05-01,Çorum,40.99,34.08,12.139,3.63
